mtllib material.mtl
usemtl material_0_0
v 0.04329000 -0.40920700 0.16425500
v 0.04329000 -0.40920700 0.16425500
v 0.04329000 -0.40920700 0.16425500
v 0.04329000 -0.40920700 0.16425500
v 0.04329000 -0.40920700 0.16425500
v 0.04329000 -0.40920700 0.16425500
v 0.03576000 -0.44545600 0.17163000
v 0.03576000 -0.44545600 0.17163000
v 0.03576000 -0.44545600 0.17163000
v 0.03576000 -0.44545600 0.17163000
v 0.03576000 -0.44545600 0.17163000
v 0.03576000 -0.44545600 0.17163000
v 0.03576000 -0.40920700 0.16425500
v 0.03576000 -0.40920700 0.16425500
v 0.03576000 -0.40920700 0.16425500
v 0.03576000 -0.40920700 0.16425500
v 0.03576000 -0.40920700 0.16425500
v 0.03576000 -0.40920700 0.16425500
v 0.04329000 -0.43929800 0.17037700
v 0.04329000 -0.43929800 0.17037700
v 0.04329000 -0.43929800 0.17037700
v 0.04329000 -0.43929800 0.17037700
v 0.04329000 -0.43929800 0.17037700
v 0.04329000 -0.43929800 0.17037700
v 0.03576000 -0.40845100 0.16797200
v 0.03576000 -0.40845100 0.16797200
v 0.03576000 -0.40845100 0.16797200
v 0.03576000 -0.40845100 0.16797200
v 0.03576000 -0.40845100 0.16797200
v 0.03576000 -0.40845100 0.16797200
v 0.04329000 -0.43854200 0.17409400
v 0.04329000 -0.43854200 0.17409400
v 0.04329000 -0.43854200 0.17409400
v 0.04329000 -0.43854200 0.17409400
v 0.04329000 -0.43854200 0.17409400
v 0.04329000 -0.43854200 0.17409400
v 0.06201500 -0.44545600 0.17163000
v 0.06201500 -0.44545600 0.17163000
v 0.06201500 -0.44545600 0.17163000
v 0.06201500 -0.44545600 0.17163000
v 0.06201500 -0.44545600 0.17163000
v 0.06201500 -0.44545600 0.17163000
v 0.03576000 -0.44469900 0.17534700
v 0.03576000 -0.44469900 0.17534700
v 0.03576000 -0.44469900 0.17534700
v 0.03576000 -0.44469900 0.17534700
v 0.03576000 -0.44469900 0.17534700
v 0.03576000 -0.44469900 0.17534700
v 0.04329000 -0.40845100 0.16797200
v 0.04329000 -0.40845100 0.16797200
v 0.04329000 -0.40845100 0.16797200
v 0.04329000 -0.40845100 0.16797200
v 0.04329000 -0.40845100 0.16797200
v 0.04329000 -0.40845100 0.16797200
v 0.06201500 -0.43929800 0.17037700
v 0.06201500 -0.43929800 0.17037700
v 0.06201500 -0.43929800 0.17037700
v 0.06201500 -0.43929800 0.17037700
v 0.06201500 -0.43929800 0.17037700
v 0.06201500 -0.43929800 0.17037700
v 0.06201500 -0.44469900 0.17534700
v 0.06201500 -0.44469900 0.17534700
v 0.06201500 -0.44469900 0.17534700
v 0.06201500 -0.44469900 0.17534700
v 0.06201500 -0.44469900 0.17534700
v 0.06201500 -0.44469900 0.17534700
v 0.06201500 -0.43854200 0.17409400
v 0.06201500 -0.43854200 0.17409400
v 0.06201500 -0.43854200 0.17409400
v 0.06201500 -0.43854200 0.17409400
v 0.06201500 -0.43854200 0.17409400
v 0.06201500 -0.43854200 0.17409400
vn 0.00000000 -0.19936947 -0.97992439
vn 0.00000000 0.19936947 0.97992439
vn -1.00000000 0.00000000 0.00000000
vn 1.00000000 0.00000000 0.00000000
vn 0.00000000 0.97992439 -0.19936947
vn 0.00000000 -0.97992439 0.19936947
vn -1.00000000 0.00000000 0.00000000
vn 0.00000000 0.19936947 0.97992439
vn 1.00000000 0.00000000 0.00000000
vn 0.00000000 -0.19936947 -0.97992439
vn 0.00000000 -0.97992439 0.19936947
vn 0.00000000 0.97992439 -0.19936947
vn -1.00000000 0.00000000 0.00000000
vn 1.00000000 0.00000000 0.00000000
vn 0.00000000 -0.19936947 -0.97992439
vn 0.00000000 0.19936947 0.97992439
vn 0.00000000 0.97992439 -0.19936947
vn 0.00000000 -0.97992439 0.19936947
vn 0.00000000 0.19936947 0.97992439
vn -1.00000000 0.00000000 0.00000000
vn 1.00000000 0.00000000 0.00000000
vn 0.00000000 0.97992439 -0.19936947
vn 0.00000000 -0.97992439 0.19936947
vn 0.00000000 -0.19936947 -0.97992439
vn 0.00000000 -0.19936947 -0.97992439
vn 0.00000000 0.19936947 0.97992439
vn 0.00000000 0.97992439 -0.19936947
vn 1.00000000 0.00000000 0.00000000
vn -1.00000000 0.00000000 0.00000000
vn 0.00000000 -0.97992439 0.19936947
vn -1.00000000 0.00000000 0.00000000
vn 0.00000000 0.19936947 0.97992439
vn 0.00000000 0.97992439 -0.19936947
vn 1.00000000 0.00000000 0.00000000
vn 0.00000000 -0.97992439 0.19936947
vn 0.00000000 -0.19936947 -0.97992439
vn 0.00000000 0.19936947 0.97992439
vn -1.00000000 0.00000000 0.00000000
vn 0.00000000 0.97992439 -0.19936947
vn 1.00000000 0.00000000 0.00000000
vn 0.00000000 -0.19936947 -0.97992439
vn 0.00000000 -0.97992439 0.19936947
vn -1.00000000 0.00000000 0.00000000
vn 0.00000000 0.97992439 -0.19936947
vn 0.00000000 -0.97992439 0.19936947
vn 0.00000000 0.19936947 0.97992439
vn 0.00000000 -0.19936947 -0.97992439
vn 1.00000000 0.00000000 0.00000000
vn -1.00000000 0.00000000 0.00000000
vn 1.00000000 0.00000000 0.00000000
vn 0.00000000 -0.19936947 -0.97992439
vn 0.00000000 -0.97992439 0.19936947
vn 0.00000000 0.97992439 -0.19936947
vn 0.00000000 0.19936947 0.97992439
vn 1.00000000 0.00000000 0.00000000
vn 0.00000000 0.97992439 -0.19936947
vn 0.00000000 0.19936947 0.97992439
vn 0.00000000 -0.19936947 -0.97992439
vn 0.00000000 -0.97992439 0.19936947
vn -1.00000000 0.00000000 0.00000000
vn 0.00000000 0.97992439 -0.19936947
vn 1.00000000 0.00000000 0.00000000
vn 0.00000000 -0.19936947 -0.97992439
vn 0.00000000 0.19936947 0.97992439
vn 0.00000000 -0.97992439 0.19936947
vn -1.00000000 0.00000000 0.00000000
vn 0.00000000 0.97992439 -0.19936947
vn 0.00000000 0.19936947 0.97992439
vn 0.00000000 -0.19936947 -0.97992439
vn 1.00000000 0.00000000 0.00000000
vn -1.00000000 0.00000000 0.00000000
vn 0.00000000 -0.97992439 0.19936947
f 1//1 10//10 15//15
f 10//10 1//1 24//24
f 16//16 8//8 2//2
f 19//19 2//2 8//8
f 7//7 29//29 13//13
f 14//14 28//28 9//9
f 27//27 5//5 17//17
f 18//18 6//6 30//30
f 4//4 34//34 21//21
f 20//20 31//31 3//3
f 10//10 24//24 41//41
f 37//37 19//19 8//8
f 29//29 7//7 43//43
f 48//48 9//9 28//28
f 5//5 27//27 53//53
f 52//52 30//30 6//6
f 34//34 4//4 50//50
f 49//49 3//3 31//31
f 33//33 56//56 22//22
f 23//23 59//59 35//35
f 41//41 24//24 58//58
f 57//57 19//19 37//37
f 65//65 11//11 42//42
f 39//39 12//12 61//61
f 11//11 65//65 45//45
f 44//44 61//61 12//12
f 46//46 32//32 26//26
f 25//25 36//36 47//47
f 54//54 26//26 32//32
f 36//36 25//25 51//51
f 56//56 33//33 67//67
f 72//72 35//35 59//59
f 55//55 62//62 40//40
f 38//38 66//66 60//60
f 32//32 46//46 64//64
f 63//63 47//47 36//36
f 32//32 64//64 68//68
f 69//69 63//63 36//36
f 62//62 55//55 70//70
f 71//71 60//60 66//66

